0.000000000000000000e+00
0.000000000000000000e+00
0.000000000000000000e+00
0.000000000000000000e+00
0.000000000000000000e+00
0.000000000000000000e+00
0.000000000000000000e+00
0.000000000000000000e+00
0.000000000000000000e+00
0.000000000000000000e+00
6.899177923912563903e-02
1.790335784291091858e+00
2.230717043825239720e+00
2.219455534446070466e+00
2.184340382091930710e+00
2.031269370682854625e+00
1.807365098053030250e+00
1.852154367217928144e+00
1.882961735161905237e+00
1.900706961177995424e+00
1.588403877255859298e+00
1.900706961393499261e+00
1.882961735609020915e+00
1.852154367871092777e+00
1.807365098889349042e+00
2.031269371840840776e+00
2.184340383573519340e+00
2.219455536196341505e+00
2.230717045813158883e+00
1.790335786058278478e+00
6.899177931186606383e-02
0.000000000000000000e+00
0.000000000000000000e+00
0.000000000000000000e+00
0.000000000000000000e+00
0.000000000000000000e+00
0.000000000000000000e+00
0.000000000000000000e+00
0.000000000000000000e+00
0.000000000000000000e+00
0.000000000000000000e+00
