1.828517496759861638e+00
4.962251073873290563e-01
2.134357864162409191e-01
1.877503279137178183e-01
2.136274045100473584e-01
2.734995730082579457e-01
4.529858680511941182e-01
1.115371556908053119e+00
4.851278441795763285e+00
6.174214322665016574e+00
1.425759735723715949e+00
4.915522288234773773e-01
2.545870267650605090e-01
1.740599408120971636e-01
1.361796016036299628e-01
1.086967627703649825e-01
8.745980654824223044e-02
8.365460962991060068e-02
8.106978108662114824e-02
7.959519523795040297e-02
6.595882789786186584e-02
7.959519524697147852e-02
8.106978110586358921e-02
8.365460965939715277e-02
8.745980658868994506e-02
1.086967628323190493e-01
1.361796016960251654e-01
1.740599409494796301e-01
2.545870269924234708e-01
4.915522293143445021e-01
1.425759737303592178e+00
6.174214329975554527e+00
4.851278447804450167e+00
1.115371558363763116e+00
4.529858686687400771e-01
2.734995733959461606e-01
2.136274048246936952e-01
1.877503282003433194e-01
2.134357867548133392e-01
4.962251081996933433e-01
1.828517499808481217e+00
