8.968027782427464567e-01
1.167862636320786129e-01
3.851225183889065568e-02
2.559466989802041195e-02
2.130427612832310608e-02
1.866872636131325716e-02
1.768723031902889181e-02
1.666582339005683380e-02
1.754236950381046420e-02
1.648466528892048380e-02
1.975966528853918130e-02
1.886477622038617782e-02
2.034510283439060901e-02
2.504049657339890711e-02
3.114648637758803476e-02
3.944632619061320261e-02
5.599184371583271896e-02
8.240609970456136413e-02
1.854001052827411178e-01
9.115262679106395094e-01
3.237304754076237856e+01
9.115262682041480602e-01
1.854001054282899408e-01
8.240609980417597236e-02
5.599184380463958360e-02
3.944632626818107834e-02
3.114648645153153539e-02
2.504049664343990789e-02
2.034510289953251824e-02
1.886477628817860921e-02
1.975966536772470403e-02
1.648466536164504281e-02
1.754236958783383579e-02
1.666582347614149057e-02
1.768723041697724610e-02
1.866872647145529848e-02
2.130427626135992722e-02
2.559467006645613912e-02
3.851225210636467777e-02
1.167862644946922324e-01
8.968027851329458677e-01
