7.165059509067401855e-01
4.542297959790002337e-02
1.682191386887528506e-02
1.235254622379209320e-02
1.103480419689541712e-02
1.082298418116335072e-02
1.060557471001661277e-02
1.184816896587522622e-02
1.349676273850944005e-02
2.005002572820326762e-02
2.507132748386737414e-02
4.829572305541251359e-02
1.266512914190391914e-01
1.531283932938755221e+01
2.131280472832847384e+00
1.104769451574905970e-01
5.018374510848832432e-02
3.127580914150915326e-02
2.502696876226306183e-02
2.090949198944464307e-02
2.305460225808474151e-02
2.090949195082705131e-02
2.502696867257766730e-02
3.127580897503928065e-02
5.018374475222139863e-02
1.104769441702808386e-01
2.131280449152343603e+00
1.531283915128930673e+01
1.266512896916491271e-01
4.829572231504846574e-02
2.507132705929821306e-02
2.005002535656395454e-02
1.349676246651863691e-02
1.184816870947405162e-02
1.060557446476471759e-02
1.082298391439736468e-02
1.103480390754639842e-02
1.235254588053091851e-02
1.682191337539367532e-02
4.542297819173804485e-02
7.165059279905150458e-01
