8.316318099934346009e+00
2.733681833295916963e+00
1.181098084352614652e+00
8.109819457941601639e-01
6.185395086024212397e-01
5.241015555258117242e-01
4.532556752432959080e-01
4.318329887714681958e-01
3.584756957848101999e-01
3.610520238153901440e-01
3.114721177008856201e-01
3.132301835845742732e-01
3.148694271052806526e-01
2.899416838650317185e-01
2.645525217496775827e-01
2.919292557903876428e-01
2.660879704208776175e-01
2.666093829285288153e-01
2.669848284760415469e-01
2.672090682686500407e-01
2.405523556127853180e-01
2.672090682283226326e-01
2.669848283948575429e-01
2.666093828104533769e-01
2.660879702664682434e-01
2.919292555726200611e-01
2.645525214987919926e-01
2.899416835254673974e-01
3.148694266642775852e-01
3.132301830826107469e-01
3.114721171417008105e-01
3.610520230892889093e-01
3.584756949796161218e-01
4.318329876981170656e-01
4.532556740092922865e-01
5.241015539888426167e-01
6.185395066623240456e-01
8.109819431154088321e-01
1.181098080264674666e+00
2.733681823383413700e+00
8.316318069000503854e+00
