6.842859354076399336e-01
2.638533212175622408e-02
9.995931431735365774e-03
8.361136097102013845e-03
7.521966192375537097e-03
8.676737922748121307e-03
1.038517924425931202e-02
1.668890048887983202e-02
2.624812629914182599e-02
1.091121944438671471e-01
1.038049252609228112e+01
1.964470273077546514e-01
4.031336368341738308e-02
2.621538284894431650e-02
1.889674129947891204e-02
1.860799783432227558e-02
2.225895968253167878e-02
2.580716948824040083e-02
4.551538101108644485e-02
1.897683403388738810e-01
1.378103129634568624e+01
1.897683403938220659e-01
4.551538104141016061e-02
2.580716951479446186e-02
2.225895971435507686e-02
1.860799786871155520e-02
1.889674134155280849e-02
2.621538291764747772e-02
4.031336380466966213e-02
1.964470279827418009e-01
1.038049256457900782e+01
1.091121948804639058e-01
2.624812641261444618e-02
1.668890056572730485e-02
1.038517929503614962e-02
8.676737967471348165e-03
7.521966233153692255e-03
8.361136144890637598e-03
9.995931492063903079e-03
2.638533229062179838e-02
6.842859399771216156e-01
