6.500005278847686974e-01
1.709974144655653297e-02
7.746256258015350379e-03
5.884221886437111457e-03
7.004213757347772622e-03
1.014476369170728455e-02
1.627622023305772339e-02
5.573902139070097128e-02
7.017127170759447807e+00
1.163038242775829567e-01
2.810313766961565138e-02
1.892691079893688705e-02
1.644939492904775105e-02
1.810515531054329025e-02
3.220382257296763862e-02
1.026455571340478684e-01
1.044199772660829773e+01
1.327778673978838031e-01
3.606834518572337583e-02
2.334617319671502753e-02
1.709986961355790258e-02
2.334617320135651611e-02
3.606834520069170102e-02
1.327778674801171621e-01
1.044199773466281300e+01
1.026455572294988211e-01
3.220382260866300889e-02
1.810515533348186837e-02
1.644939495238532945e-02
1.892691082861278074e-02
2.810313771793021553e-02
1.163038244981596109e-01
7.017127185001035272e+00
5.573902151498415919e-02
1.627622027305275498e-02
1.014476371904586213e-02
7.004213777845436084e-03
5.884221904896872954e-03
7.746256284007549224e-03
1.709974150797775178e-02
6.500005303004813273e-01
