5.040587511976184487e-01
6.789583868716984050e+00
2.310732817620086976e+00
1.994797460152067659e-01
1.357152294192220943e-01
1.424087832406552290e-01
1.752642514654221828e-01
3.187872227279678339e-01
8.536105023530554670e-01
3.817541036913825625e+00
2.329191601104652509e+00
5.060385218967711207e-01
2.132272273481869429e-01
1.203723667073569037e-01
7.458887488782062203e-02
6.682716991895917835e-02
5.386522423050587455e-02
4.374409131058730471e-02
4.915890063353777623e-02
4.122710826386536548e-02
3.415338068754485840e-02
4.122710826855053440e-02
4.915890064572128043e-02
4.374409132686959967e-02
5.386522425689799914e-02
6.682716995967773188e-02
7.458887494164724574e-02
1.203723668081444209e-01
2.132272275517709537e-01
5.060385224403596283e-01
2.329191603827172496e+00
3.817541041598767393e+00
8.536105034607233133e-01
3.187872231625848429e-01
1.752642517151071222e-01
1.424087834521952645e-01
1.357152296289842464e-01
1.994797463372441348e-01
2.310732821529774661e+00
6.789583880342624944e+00
5.040587520853546666e-01
